blk\.(3|4|5|6|13|14|15|16|18|19|21|24|25|26|27|28|29|30|31|32|33|34|35|36|37|38|39|40|41|42|43|44)\.ffn_gate_exps\.weight=q3_K
blk\.(3|4|5|6|13|14|15|16|18|19|21|24|25|26|27|28|29|30|31|32|33|34|35|36|37|38|39|40|41|42|43|44)\.ffn_up_exps\.weight=q3_K

blk\.(3|4|5|6|7|8|9|10|11|12|13|14|15|16|17|18|19|20|21|22|23|24|25|26|27|28|29|30|31|32|33|34|35|36|37|38|39|40|41|42|43|44)\.ffn_gate_exps\.weight=q2_K
blk\.(3|4|5|6|7|8|9|10|11|12|13|14|15|16|17|18|19|20|21|22|23|24|25|26|27|28|29|30|31|32|33|34|35|36|37|38|39|40|41|42|43|44)\.ffn_up_exps\.weight=q2_K

blk\.(3|4|5|6|7|8|9|10|11|12|13|14|15|16|17|18|19|20|21|22|23|24|25|26|27|28|29|30|31|32|33|34|35|36|37|38|39|40|41|42|43|44)\.ffn_down_exps\.weight=q3_K

blk\.\d+\.attn_q\.weight=q8_0
blk\.\d+\.attn_k\.weight=q8_0
blk\.\d+\.attn_v\.weight=q8_0
blk\.\d+\.attn_output\.weight=q8_0
token_embd\.weight=q8_0
output\.weight=q8_0
